##  problem1 ##

	Finished in 23 Steps.
	Reward result-> 309 
	Door opened at step True
Solved problem1 in 3.731 seconds
###############################################

	Finished in 27 Steps.
	Reward result-> 143 
	Door opened at step True
Solved problem1 in 3.686 seconds
###############################################

	Finished in 67 Steps.
	Reward result-> 171.5 
	Door opened at step True
Solved problem1 in 3.661 seconds
###############################################

	Finished in 35 Steps.
	Reward result-> 125 
	Door opened at step True
Solved problem1 in 3.915 seconds
###############################################

	Finished in 31 Steps.
	Reward result-> 87 
	Door opened at step True
Solved problem1 in 5.331 seconds
###############################################
##  problem2 ##

	Finished in 74 Steps.
	Reward result-> 225 
	Door opened at step True
Solved problem2 in 24.904 seconds
###############################################
Game result:
	Map state ->
 [[99 99 99 99 99 99 99 99 99 99 99 99 99 99 99]
 [99 98 98 98 99 99 99 99 99 99 99 99 99 99 99]
 [99 98 99 98 99 99 99 99 99 99 98 98 99 99 99]
 [99 98 99 98 98 99 25 98 99 99 98 98 98 99 99]
 [99 98 99 98  2 45 98 98 98 98 98 98 98 99 99]
 [99 98 99 99 99 99 98 98 99 99 99 42 99 99 99]
 [99 98 98 98 98 99 99 99 99 99 22 98 98 99 99]
 [99 99 99 99 98 99 98 98 98 99 98 98 98 99 99]
 [99 98 98 98 98 99 12 98 98 99  1 98 98 99 99]
 [99 98 99 99 23 98 98 15 98 99 99 98 99 99 99]
 [99 98 99 99 98 98 98 98 98 99 20 98 98 98 99]
 [99 98 99 99 98 98 99 98 98 99 98 98 10 98 99]
 [99 98 99 99 98 13 98 98 98 40 98 98 98 98 99]
 [99 98 43 98 98 98 98 98 98 99 31 98 98 98 99]
 [99 99 99 99 99 99 99 99 99 99 99 99 99 99 99]] 
	Finished in 200 Steps.
	Reward result-> -398
Solved problem2 in 22.846 seconds
###############################################
Game result:
	Map state ->
 [[99 99 99 99 99 99 99 99 99 99 99 99 99 99 99]
 [99 98 98 98 99 99 99 99 99 99 99 99 99 99 99]
 [99 98 99 98 99 99 99 99 99 99 98 98 99 99 99]
 [99 98 99 98 98 99 25 98 99 99 98 98 98 99 99]
 [99 98 99 98  2 45 98 98 98 98 98 98 98 99 99]
 [99 98 99 99 99 99 98 98 99 99 99 42 99 99 99]
 [99 98 98 98 98 99 99 99 99 99 22 98 98 99 99]
 [99 99 99 99 98 99 98 98 98 99 98 98 98 99 99]
 [99 98 98 98 98 99 12 98 98 99 98 98 98 99 99]
 [99 98 99 99 33 98 98 15 98 99 99 98 99 99 99]
 [99 98 99 99 98 98 98 98 98 99 30 98 98 98 99]
 [99 98 99 99 98 98 99 98 98 99 98 98 98 98 99]
 [99 98 99 99 98 98 98 98 98 98 98 98 98 98 99]
 [99 98 98 98 98 98 98 98 98 99 31  1 98 98 99]
 [99 99 99 99 99 99 99 99 99 99 99 99 99 99 99]] 
	Finished in 200 Steps.
	Reward result-> -45.0
Solved problem2 in 22.934 seconds
###############################################
Game result:
	Map state ->
 [[99 99 99 99 99 99 99 99 99 99 99 99 99 99 99]
 [99 98 98 98 99 99 99 99 99 99 99 99 99 99 99]
 [99 98 99 98 99 99 99 99 99 99 98 98 99 99 99]
 [99 98 99 98 98 99 25 98 99 99 98 98 98 99 99]
 [99 98 99 98  2 45 98 98 98 98 98 98 98 99 99]
 [99 98 99 99 99 99 98 98 99 99 99 42 99 99 99]
 [99 98 98 98 98 99 99 99 99 99 22 98 98 99 99]
 [99 99 99 99 98 99 12 98 98 99 98 98 98 99 99]
 [99 98 98 98 98 99 98 98 98 99 98 98 98 99 99]
 [99 98 99 99 33 15 98 98 98 99 99 98 99 99 99]
 [99 98 99 99 98 98 98 98 98 99 30 98 98 98 99]
 [99 98 99 99  1 98 99 98 98 99 98 98 98 98 99]
 [99 98 99 99 98 98 98 98 98 98 98 98 98 98 99]
 [99 98 98 98 98 98 98 98 98 99 31 98 98 98 99]
 [99 99 99 99 99 99 99 99 99 99 99 99 99 99 99]] 
	Finished in 200 Steps.
	Reward result-> -810
Solved problem2 in 22.966 seconds
###############################################
Game result:
	Map state ->
 [[99 99 99 99 99 99 99 99 99 99 99 99 99 99 99]
 [99 98 98 98 99 99 99 99 99 99 99 99 99 99 99]
 [99 98 99 98 99 99 99 99 99 99 98 98 99 99 99]
 [99 98 99 98 98 99 25 98 99 99 98 98 98 99 99]
 [99 98 99 98  2 45 98 98 98 98 98 98 98 99 99]
 [99 98 99 99 99 99 98 98 99 99 99 42 99 99 99]
 [99 98 98 98 98 99 99 99 99 99 22 98 98 99 99]
 [99 99 99 99 98 99 98 98 98 99 98 98 98 99 99]
 [99 98 98 98 98 99 12 98 98 99 98 98 98 99 99]
 [99 98 99 99 23 98 98 15 98 99 99 98 99 99 99]
 [99 98 99 99 98 98 98 98 98 99 20 98 10 98 99]
 [99 98 99 99 98 98 99 98 98 99 98 98 98 98 99]
 [99 98 99 99 98 13 98 98 98 40 98 98 98 98 99]
 [99 98 43 98 98 98 98 98 98 99 31  1 98 98 99]
 [99 99 99 99 99 99 99 99 99 99 99 99 99 99 99]] 
	Finished in 200 Steps.
	Reward result-> -985
Solved problem2 in 23.904 seconds
###############################################
##  problem3 ##

	Finished in 19 Steps.
	Reward result-> 317 
	Door opened at step True
Solved problem3 in 3.554 seconds
###############################################

	Finished in 51 Steps.
	Reward result-> 95 
	Door opened at step True
Solved problem3 in 3.762 seconds
###############################################

	Finished in 65 Steps.
	Reward result-> 172.5 
	Door opened at step True
Solved problem3 in 4.258 seconds
###############################################
Game result:
	Map state ->
 [[99 99 99 99 99 99]
 [99 98 10 40  2 99]
 [99 98 98 99 99 99]
 [99 98 98  1 98 99]
 [99 98 98 98 20 99]
 [99 99 99 99 99 99]] 
	Finished in 200 Steps.
	Reward result-> -800
Solved problem3 in 3.670 seconds
###############################################
